50 #SUP: 539
13 50 #SUP: 539
5 13 50 #SUP: 539
5 50 #SUP: 539
16 #SUP: 561
13 16 #SUP: 561
5 13 16 #SUP: 561
5 16 #SUP: 561
163 #SUP: 677
20 163 #SUP: 677
7 #SUP: 717
6 7 #SUP: 717
5 6 7 #SUP: 717
5 7 #SUP: 717
58 #SUP: 752
5 58 #SUP: 752
9 #SUP: 769
6 9 #SUP: 769
5 6 9 #SUP: 769
5 9 #SUP: 769
21 #SUP: 925
5 21 #SUP: 666
18 #SUP: 1159
6 18 #SUP: 1159
5 6 18 #SUP: 1159
5 18 #SUP: 1159
20 #SUP: 1189
5 20 #SUP: 688
1 #SUP: 1335
1 2 #SUP: 620
13 #SUP: 1363
6 13 #SUP: 663
5 6 13 #SUP: 663
5 13 #SUP: 1363
2 #SUP: 1500
2 5 #SUP: 1181
6 #SUP: 1991
5 6 #SUP: 1991
5 #SUP: 3772
